190 192 192 194 194 194 195 196 196 196 196 197 197 198 197 197 197 197 197 197 197 196 196 197 197 197 197 196 196 196 196 196 196 195 196 196 195 196 196 195 195 195 195 195 195 195 194 194 194 194 193 193 192 193 192 192 192 191 191 191 191 190 190 190 190 190 188 188 188 188 188 187 187 187 186 186 186 186 186 189 195 199 202 201 198 197 197 196 197 195 192 189 187 186 187 187
192 193 194 195 195 196 196 197 197 198 198 198 198 199 199 199 199 199 199 198 198 198 198 197 198 198 198 197 198 198 197 197 197 197 196 196 197 196 197 197 196 196 196 196 196 196 195 194 194 194 195 194 194 194 194 193 193 193 192 192 192 192 192 192 192 191 190 189 190 190 189 188 188 188 187 187 186 187 186 189 190 188 188 187 186 187 186 187 189 190 197 210 213 209 198 190
193 193 195 196 195 197 198 198 199 200 200 199 199 200 200 201 200 200 200 200 199 200 199 199 199 199 198 199 199 198 198 198 198 198 198 197 197 198 198 198 197 197 197 197 201 208 213 212 210 202 196 195 195 195 195 194 194 194 194 193 193 193 193 193 192 192 191 191 191 191 190 189 189 189 188 188 187 187 187 188 187 187 187 187 187 187 192 201 203 212 222 232 230 220 208 206
193 194 196 196 197 197 198 199 199 200 201 201 201 201 201 201 202 201 201 202 201 201 200 200 200 200 199 199 199 199 199 199 199 199 198 198 198 198 198 198 199 198 198 199 202 208 212 214 214 210 202 198 196 196 195 195 194 194 194 195 194 194 194 193 192 192 192 192 192 192 191 190 190 190 190 189 189 188 188 188 188 188 188 188 187 192 200 205 210 217 220 218 213 206 202 201
195 195 196 197 198 198 199 199 199 201 202 202 202 203 202 203 203 203 203 203 203 202 202 201 201 201 201 200 201 200 200 200 200 199 199 199 199 199 198 199 199 198 199 200 199 198 199 200 199 198 198 197 196 196 197 196 196 196 195 195 195 195 194 194 194 193 194 193 192 192 192 191 191 191 190 190 191 190 190 190 189 189 190 192 192 191 192 193 193 194 192 191 190 188 187 190
196 197 197 198 199 199 200 200 201 202 203 204 204 204 204 204 204 204 205 205 204 204 204 203 203 203 203 202 202 202 202 202 201 201 201 201 200 201 200 200 200 200 200 200 200 199 199 199 198 198 198 198 198 197 198 197 198 197 196 196 196 195 195 195 195 194 195 194 193 194 193 193 192 192 191 191 191 191 190 190 192 194 195 199 197 192 189 188 188 188 187 187 188 188 197 207
197 198 199 200 200 200 201 202 203 203 204 204 205 206 206 205 206 206 206 205 205 205 205 205 205 204 205 204 204 203 203 204 203 203 202 202 202 201 202 202 202 202 202 202 201 201 201 200 200 200 199 199 199 198 198 198 198 198 198 197 197 196 196 196 196 195 195 195 195 194 194 194 194 193 193 192 192 192 192 191 192 194 193 192 191 190 190 190 189 189 189 188 189 193 197 199
198 199 200 200 202 203 202 203 204 204 205 205 206 206 207 207 207 207 207 207 207 206 206 206 206 205 205 205 205 205 204 204 204 204 203 203 203 203 203 203 203 203 203 202 202 202 202 201 201 202 200 200 200 199 199 199 199 199 198 198 198 198 198 197 196 196 196 196 196 195 195 194 194 194 193 193 193 193 192 192 192 192 191 192 191 191 191 190 190 190 190 189 189 189 189 189
199 200 201 201 202 203 204 204 204 205 206 206 206 207 208 207 207 208 207 207 208 208 207 207 206 207 206 206 205 205 205 205 204 204 204 204 204 203 203 203 203 203 203 203 203 203 203 202 202 202 201 201 201 201 200 201 200 200 199 199 198 198 198 198 197 197 196 196 196 196 195 195 194 194 194 194 194 193 193 193 193 193 192 192 191 191 191 191 190 190 190 189 189 190 189 190
200 202 203 203 206 206 204 205 205 206 206 207 207 208 208 208 209 208 208 208 208 208 208 208 208 208 207 207 206 206 207 206 205 205 205 205 205 204 205 204 204 203 204 203 204 204 204 203 203 203 202 202 202 202 202 202 201 201 201 200 199 199 199 199 198 197 198 197 197 196 196 195 196 195 195 195 195 194 194 194 194 194 193 193 193 192 192 192 192 191 190 192 194 191 190 190
202 202 203 204 205 206 206 206 206 207 207 207 208 208 209 209 209 209 210 210 209 209 209 208 209 209 208 208 208 207 207 207 206 206 206 206 206 205 205 205 205 205 204 204 205 205 204 204 204 204 204 204 203 203 203 202 202 202 202 202 201 201 200 200 200 199 199 198 198 198 197 196 196 195 195 195 195 195 194 194 195 194 194 194 194 193 193 193 192 192 192 192 194 192 193 195
203 204 205 205 206 206 206 207 207 208 208 209 208 209 209 210 210 210 210 210 210 211 209 210 210 209 209 209 209 208 207 207 208 207 207 207 206 206 206 206 206 206 206 205 205 205 205 205 205 205 205 204 204 202 204 203 202 202 202 202 201 202 201 201 200 200 200 200 199 198 198 198 197 197 196 196 196 196 195 195 195 195 195 195 194 193 194 194 193 193 193 192 191 193 193 193
204 205 206 206 207 207 207 207 208 209 209 209 209 210 210 210 210 211 211 211 212 211 211 211 211 211 211 210 210 210 209 208 208 208 207 207 207 207 206 207 207 206 206 206 206 205 205 206 206 205 205 205 208 163 193 205 204 203 203 203 203 202 201 202 202 201 201 201 200 199 199 198 198 197 197 197 197 197 196 196 196 195 195 195 195 195 195 194 194 194 194 193 193 193 193 194
205 206 206 207 208 209 209 209 209 210 210 211 211 211 211 212 211 212 212 212 213 212 212 212 212 212 212 211 211 210 211 210 210 209 209 209 208 208 208 208 208 207 207 207 207 207 206 207 206 206 206 205 211 135 149 207 204 204 203 204 204 203 203 203 203 202 201 201 201 201 200 199 199 199 198 198 198 197 197 197 197 197 196 195 195 195 194 195 194 194 194 194 193 193 193 194
206 207 208 208 209 210 210 211 211 211 211 212 212 213 212 212 213 213 213 213 213 213 214 213 213 213 213 213 212 212 212 212 211 211 210 210 210 209 209 209 207 208 208 208 208 207 208 207 207 208 207 207 212 141 132 182 208 205 205 205 205 204 204 203 203 203 203 203 202 202 201 201 200 200 199 199 198 198 198 197 197 197 197 197 196 195 197 195 195 195 195 195 194 193 193 194
207 208 209 209 209 210 211 211 212 213 212 213 213 213 214 213 213 214 213 213 214 214 214 213 213 215 214 214 213 213 213 213 212 212 211 211 210 210 210 210 209 209 209 208 208 208 208 208 208 208 208 207 210 135 146 164 194 208 206 206 205 205 205 205 204 204 203 203 203 202 202 202 201 200 200 200 200 199 199 199 199 198 198 197 197 198 184 188 196 195 195 194 196 197 197 197
208 209 209 210 211 211 212 212 213 213 213 214 214 214 214 214 214 214 214 215 215 215 215 215 215 216 216 215 215 215 214 214 213 213 213 212 211 211 211 210 211 210 210 210 210 209 209 209 209 209 208 209 209 133 156 187 181 204 208 207 206 206 206 206 205 205 204 204 204 203 203 202 202 202 201 200 201 200 200 200 199 199 199 198 198 201 163 167 199 196 194 194 196 196 198 201
208 209 210 211 212 212 213 213 213 214 215 214 215 214 215 215 215 215 215 215 215 216 216 215 216 216 216 216 216 215 215 215 214 214 214 213 213 213 212 211 211 211 211 211 210 210 210 210 209 210 209 209 208 136 164 199 201 190 208 207 207 207 207 206 206 205 205 205 205 204 204 203 202 203 202 202 201 201 201 200 200 200 200 199 199 200 168 166 191 198 196 197 196 195 197 199
209 210 211 212 212 213 214 214 215 215 215 216 216 216 216 216 216 216 216 217 216 216 217 216 217 217 217 217 217 217 216 215 215 215 215 215 214 213 213 213 212 212 212 212 211 211 211 211 210 210 210 211 204 134 159 193 207 197 197 209 208 208 207 207 207 206 206 206 205 205 205 204 204 203 203 203 202 202 201 201 201 201 201 200 199 202 162 183 188 202 204 201 198 197 197 188
210 212 212 213 213 214 215 215 216 217 216 217 217 217 218 218 217 218 217 218 218 218 218 217 217 218 218 218 218 217 217 217 217 216 215 216 216 215 215 214 213 213 213 213 213 212 212 212 211 211 211 212 201 131 154 189 204 206 181 205 209 208 208 208 208 207 207 207 206 206 205 205 206 204 204 204 203 203 203 202 202 201 201 201 201 201 162 179 192 193 199 199 197 198 193 157
211 212 213 214 214 214 216 216 217 217 218 218 218 219 219 219 218 218 219 219 219 219 219 218 219 219 218 219 220 219 218 218 218 218 217 217 216 216 216 215 215 214 214 214 214 213 212 212 212 212 212 213 199 130 149 185 203 204 208 193 210 209 209 208 209 207 207 208 205 205 206 204 204 203 205 204 204 204 203 203 203 202 202 201 201 198 155 176 187 190 197 198 199 199 192 178
211 212 213 214 215 216 216 216 217 218 219 218 219 219 219 219 220 219 220 220 219 219 219 219 219 218 221 234 239 234 222 219 218 218 218 217 217 217 217 217 216 216 216 215 215 215 214 213 213 213 213 214 199 129 146 181 199 211 219 204 202 210 209 208 208 207 208 210 209 208 192 206 205 205 204 203 203 203 204 203 203 203 202 201 201 200 156 176 183 193 193 198 199 199 192 196
212 213 215 215 216 216 217 217 218 218 219 220 220 220 220 220 220 220 220 221 220 220 220 219 217 219 225 228 225 224 221 218 219 219 220 224 225 221 218 217 217 217 217 216 215 216 215 215 214 213 214 219 199 130 143 176 197 208 218 223 199 208 209 210 210 210 209 209 210 202 118 196 209 207 206 206 205 205 205 204 204 204 204 203 203 191 155 178 182 189 188 196 199 200 184 201
213 214 215 216 216 217 218 218 219 219 219 220 221 221 221 221 221 221 221 221 221 221 220 221 221 221 220 220 220 220 220 219 220 218 223 228 226 221 218 217 217 217 217 217 217 216 215 215 215 213 216 219 201 130 142 170 195 203 213 228 214 201 215 212 209 209 209 209 211 197 135 212 208 207 207 207 206 206 205 205 205 204 204 204 205 187 154 178 181 185 195 201 200 203 178 208
214 215 215 216 217 218 218 219 220 220 221 221 222 221 222 222 222 222 223 222 223 222 222 222 222 222 221 221 221 221 220 220 213 221 220 219 220 219 219 219 219 218 218 218 217 217 217 216 216 216 215 217 202 130 141 168 194 202 210 223 227 206 216 211 210 210 209 208 211 200 156 226 216 207 207 207 206 206 206 206 206 206 205 204 206 187 156 177 179 187 196 202 202 203 175 212
214 215 216 216 217 218 219 220 221 221 222 222 222 223 222 223 223 223 223 224 223 223 223 223 223 223 222 222 222 222 221 224 168 199 223 220 221 220 220 220 219 219 219 219 219 217 217 216 216 215 214 217 204 131 142 166 195 204 212 220 229 213 203 211 211 210 209 210 211 194 148 214 230 209 211 210 208 208 209 210 208 206 206 206 207 178 157 175 178 187 197 203 201 199 172 214
215 216 217 217 218 220 219 220 221 222 222 222 223 223 223 224 224 224 225 224 223 224 224 223 223 223 223 223 223 223 222 225 169 162 214 223 221 221 220 219 219 217 218 218 218 216 215 215 215 216 215 218 206 134 142 162 196 204 212 220 205 202 191 211 212 211 211 211 213 190 143 208 225 227 234 224 212 216 219 220 213 208 205 204 208 172 158 174 178 186 196 203 205 194 173 214
216 217 217 218 219 219 220 221 221 222 222 223 223 223 223 224 224 219 211 225 225 225 224 223 223 227 226 223 223 223 223 225 185 176 200 219 222 221 221 221 221 221 221 219 218 219 218 218 218 217 217 218 209 135 142 158 195 201 206 189 198 190 193 207 212 212 212 211 210 188 141 203 227 239 223 207 207 208 208 208 207 205 203 205 209 171 157 174 178 186 194 201 208 192 174 215
218 219 218 219 220 220 220 221 222 222 223 223 224 224 224 225 227 206 174 227 225 225 225 225 225 224 225 223 223 223 223 226 190 177 206 201 220 222 221 222 222 221 221 221 221 221 219 219 219 219 218 218 213 135 141 156 197 201 196 171 194 204 189 201 213 213 212 211 213 190 137 199 223 238 237 213 208 208 207 208 207 206 207 207 211 170 157 175 179 186 194 201 206 201 190 218
224 223 221 220 220 220 221 222 222 223 224 223 224 225 227 227 231 196 163 225 227 227 225 225 225 225 225 225 224 224 223 227 188 170 199 204 205 221 221 222 223 222 222 221 221 221 220 220 219 219 219 219 214 134 141 157 196 203 203 189 191 204 216 222 209 213 212 212 214 194 133 195 218 237 236 207 209 208 208 208 208 207 206 209 215 168 155 176 180 186 193 199 204 199 201 216
218 217 219 220 220 221 222 222 222 223 223 226 232 239 244 244 245 186 151 220 210 223 229 225 226 227 226 225 225 224 224 227 196 165 193 213 211 217 229 225 228 228 227 226 223 224 221 219 219 218 219 219 216 137 143 156 194 205 206 205 186 203 243 234 210 216 213 212 213 199 126 191 216 231 213 222 216 212 209 209 209 208 208 207 210 165 158 177 179 184 192 198 189 177 196 220
219 220 221 223 222 221 222 224 223 222 226 233 236 234 235 232 234 173 146 206 206 199 234 236 242 247 234 226 229 228 223 227 205 157 190 207 220 189 212 230 225 175 211 224 224 225 223 225 223 223 227 224 221 142 143 155 192 207 204 208 196 220 236 242 218 215 211 211 214 209 123 185 214 231 212 228 218 215 213 217 212 212 214 213 200 155 161 175 178 185 189 176 165 175 197 200
219 220 222 223 222 220 220 223 223 225 227 225 225 224 223 224 229 172 153 193 234 206 215 231 233 235 224 228 231 228 223 225 209 152 188 204 191 170 191 224 225 166 175 217 228 227 227 227 225 227 226 225 227 148 142 153 189 207 204 214 225 224 237 246 229 213 219 217 220 214 122 181 215 237 235 211 209 216 209 212 209 203 174 142 100 129 163 175 178 172 159 156 176 184 178 192
220 222 222 220 222 222 222 227 227 226 223 227 229 231 229 226 227 173 161 177 232 226 206 211 210 226 225 225 225 224 224 225 219 154 183 180 173 198 227 215 220 170 172 188 217 224 223 222 224 222 217 217 223 151 141 152 187 209 207 219 224 216 232 245 242 212 216 216 219 212 126 177 215 235 243 218 237 236 160 133 157 106 76 59 51 124 163 173 177 175 153 176 175 171 177 211
219 219 225 226 224 224 226 232 233 228 227 227 231 232 230 230 229 172 168 168 227 233 211 213 215 226 229 229 226 226 225 225 224 159 147 161 189 214 219 205 170 151 162 194 203 219 222 219 216 199 223 216 212 154 140 152 185 209 212 221 219 217 228 244 246 206 149 119 134 112 103 173 213 234 245 247 243 237 129 57 62 69 58 55 51 128 162 173 175 186 174 172 158 175 207 223
226 227 220 198 220 216 214 225 224 216 212 229 196 172 169 188 209 165 173 159 203 207 214 211 199 219 186 176 215 219 219 225 227 160 134 201 200 184 207 237 192 165 152 194 211 207 191 182 185 164 162 134 112 143 141 153 184 212 214 212 214 221 224 241 221 205 99 51 50 74 88 170 210 234 244 247 248 242 195 70 61 55 45 53 63 135 157 168 177 189 180 159 188 204 210 215
180 161 138 102 131 126 117 146 146 144 115 139 112 103 104 106 152 146 176 146 194 203 211 216 204 208 152 132 177 171 180 183 197 169 167 197 181 194 227 249 215 178 150 189 209 205 142 130 113 112 140 111 95 150 137 155 188 210 215 182 185 210 226 240 211 195 123 59 68 173 119 162 212 236 248 249 249 250 229 86 61 96 47 48 67 131 158 175 182 187 191 189 205 206 200 202
91 102 81 86 111 111 94 97 90 106 97 151 177 124 140 198 194 157 176 155 191 214 234 231 217 220 195 140 168 174 162 171 125 142 134 171 210 230 231 245 230 199 152 185 196 209 170 138 99 116 175 170 143 142 136 162 195 224 225 191 161 179 217 235 231 203 158 128 144 194 131 152 179 191 230 247 250 252 167 76 66 177 90 49 60 117 156 164 179 184 187 194 201 205 176 140
77 100 94 104 109 117 126 130 121 133 170 197 192 172 167 184 157 145 178 159 216 239 245 245 226 220 207 141 88 91 80 79 56 112 142 175 223 227 230 237 206 213 158 183 205 214 226 197 162 108 178 165 211 133 128 156 176 209 218 209 189 190 219 227 242 231 187 153 204 170 123 140 153 156 176 185 239 200 100 87 73 177 135 110 56 97 145 156 138 147 167 185 189 205 181 137
183 178 190 180 189 182 196 190 193 188 192 191 192 202 194 204 195 166 170 162 226 242 244 247 235 228 231 195 69 44 43 53 55 71 154 181 182 214 228 235 230 212 167 188 201 203 232 213 217 113 180 163 195 144 120 157 180 186 207 194 187 196 203 218 245 230 197 172 207 118 126 126 175 153 165 147 163 112 103 95 92 155 113 156 90 125 148 149 135 169 151 146 174 201 195 158
158 162 172 177 185 178 209 214 146 165 185 178 183 183 178 182 174 135 146 149 180 221 245 245 238 222 218 220 121 55 49 50 58 85 141 167 153 194 213 219 237 214 154 174 192 192 219 202 223 150 105 137 207 188 130 158 182 187 221 228 220 197 197 190 212 221 202 173 167 137 109 119 179 166 176 157 116 105 106 86 94 166 140 63 59 108 142 160 149 160 163 189 194 181 186 163
125 123 109 121 128 121 135 125 109 126 135 132 123 122 121 104 123 116 142 151 175 195 207 242 235 219 246 228 112 84 85 82 98 158 151 176 188 221 215 230 234 199 132 171 205 224 237 206 206 175 111 130 135 131 130 155 178 199 233 213 170 203 223 216 227 202 164 121 136 160 99 115 181 171 168 121 108 109 105 113 106 98 65 50 88 123 139 161 120 159 199 199 200 200 197 192
111 104 104 108 109 104 106 104 106 106 104 105 107 108 110 110 98 110 150 178 204 235 235 232 225 221 237 178 109 108 105 106 129 127 145 183 231 234 236 251 238 189 118 180 225 213 148 120 132 164 83 55 61 103 139 161 199 212 206 191 178 227 231 234 237 217 180 100 76 142 120 96 207 189 101 96 102 97 95 95 91 109 149 59 45 108 141 172 174 182 180 196 201 205 222 234
93 99 97 101 106 103 102 103 108 107 105 105 112 106 105 111 126 121 152 223 240 244 255 255 251 237 154 113 106 105 121 110 128 103 119 195 238 237 248 238 207 184 179 177 174 148 133 125 114 97 88 66 61 113 153 162 210 170 152 216 235 243 248 254 238 174 118 96 96 102 112 110 130 113 100 88 93 93 95 82 82 97 103 80 61 71 138 181 189 191 168 176 191 220 219 212
99 98 97 101 102 110 111 105 105 108 106 107 108 106 102 107 108 120 146 236 253 227 225 232 227 189 156 153 151 130 204 193 180 151 123 180 236 197 151 143 145 149 156 152 154 155 151 135 112 102 106 84 83 71 137 166 213 163 196 213 241 249 239 200 139 95 88 88 102 98 95 88 74 89 100 94 87 89 94 85 87 106 102 87 76 79 141 177 190 195 194 221 200 194 187 124
104 104 106 92 100 100 105 102 108 115 108 107 122 139 145 147 155 156 170 191 180 170 168 160 152 134 128 117 112 124 167 152 185 168 165 170 162 128 142 149 141 111 97 97 92 87 103 117 121 115 95 111 98 56 118 171 234 238 254 212 185 156 124 104 110 105 99 100 93 106 114 108 126 103 107 110 99 97 121 116 100 88 98 104 101 72 134 183 201 224 187 151 119 137 114 102
102 100 107 100 108 114 106 111 116 113 113 103 117 118 116 179 192 180 189 181 179 167 165 162 150 147 113 102 111 136 155 138 136 148 132 140 139 120 128 124 118 111 108 120 92 99 125 183 189 170 146 111 100 87 110 168 204 217 233 169 131 111 109 103 94 102 134 139 163 160 149 146 181 165 153 162 148 126 142 133 119 98 86 96 106 95 131 155 185 150 118 120 126 128 134 150
98 91 101 101 96 104 99 93 95 101 110 100 104 105 102 106 107 100 103 116 123 126 121 110 115 110 104 112 109 114 98 94 94 108 108 114 126 134 134 126 104 108 103 99 105 109 148 229 206 209 207 167 151 145 125 154 175 154 117 114 108 96 96 105 105 108 106 99 106 109 96 85 91 107 126 132 115 111 114 125 162 161 154 148 141 146 158 146 159 111 92 97 125 157 154 151
98 99 100 108 101 99 101 109 117 110 111 99 97 102 106 114 112 103 104 105 108 103 102 102 106 109 104 105 103 114 106 101 106 113 112 122 106 100 101 107 114 114 111 116 105 107 200 242 205 199 224 204 190 195 167 149 129 132 120 120 117 112 124 136 130 113 119 118 98 93 97 90 105 110 113 100 107 124 142 125 120 132 158 207 193 170 163 178 175 168 177 164 137 137 154 151
104 106 104 109 105 110 107 102 107 108 105 113 117 111 108 105 110 112 107 115 121 118 115 108 104 107 105 100 94 92 93 95 99 104 102 91 87 88 82 82 83 83 93 104 110 163 219 230 222 199 202 204 206 221 228 193 191 213 202 176 176 158 159 188 204 203 199 144 103 138 152 155 143 122 100 103 125 119 117 132 112 71 78 125 104 86 95 104 119 119 122 108 105 117 116 109
105 95 90 92 97 109 112 113 110 106 105 95 96 94 107 118 121 109 107 111 109 106 111 125 118 113 110 101 91 101 104 102 96 102 106 106 109 96 91 99 102 88 89 101 105 103 95 115 135 135 136 136 135 150 193 198 200 183 174 155 140 130 118 111 111 103 106 92 83 77 80 94 85 97 108 99 98 89 78 79 83 84 83 89 86 86 82 86 97 108 101 90 101 101 95 87
100 104 119 109 94 93 96 110 112 115 108 96 87 94 103 108 118 123 106 95 91 97 100 104 117 110 95 89 104 102 101 102 90 99 97 98 100 100 104 111 98 97 98 103 98 86 78 91 88 82 91 91 90 111 122 129 133 146 140 116 99 91 89 87 83 75 75 75 78 77 78 83 76 71 69 74 77 82 94 106 99 88 111 93 84 82 92 80 76 93 93 86 81 84 86 87
115 125 123 124 106 103 117 117 120 110 107 95 89 94 119 117 109 118 112 107 106 104 92 94 98 82 77 80 83 90 87 82 75 86 87 103 95 85 90 94 101 112 102 90 81 75 75 77 72 74 82 85 101 109 96 94 96 103 104 106 113 114 122 134 110 94 99 106 115 116 110 112 111 106 96 96 105 107 114 117 126 121 122 109 100 100 102 106 101 98 79 71 62 67 83 76
121 101 92 96 94 96 101 110 120 102 93 83 87 94 113 115 108 98 92 83 79 77 86 81 73 79 89 85 75 78 86 93 92 85 80 78 79 84 89 98 109 115 113 111 101 98 99 98 97 86 89 87 94 103 108 108 126 123 124 135 146 140 141 140 141 143 132 125 109 119 124 113 111 114 127 132 121 118 114 119 117 111 117 110 111 111 119 120 115 93 78 74 66 63 61 67
86 84 89 90 85 90 88 89 94 93 86 97 103 102 99 97 85 82 79 78 82 88 101 94 82 84 86 88 91 83 85 90 85 81 78 72 70 72 73 80 94 112 91 96 115 106 103 111 111 105 100 92 88 88 102 105 94 94 94 97 115 114 115 108 119 95 94 113 118 108 115 109 103 113 109 118 118 118 119 124 121 103 117 140 142 129 111 93 102 101 107 109 97 96 94 103
91 94 94 93 90 89 91 90 89 97 95 96 97 99 106 99 96 97 109 112 115 128 127 123 109 101 118 120 108 98 97 93 89 87 80 87 95 94 90 88 94 97 104 116 120 115 109 113 93 87 99 105 92 93 93 103 111 122 116 101 99 107 124 103 104 109 111 132 127 110 111 101 118 119 122 119 125 100 104 111 98 81 90 94 106 110 111 105 112 119 115 126 114 97 98 116
105 109 104 104 114 102 86 77 86 98 91 91 100 105 121 120 113 111 117 113 114 115 109 109 106 108 107 105 93 91 79 78 82 86 84 92 106 101 100 103 99 99 105 114 98 97 107 104 98 105 108 110 102 111 105 102 105 114 114 115 119 128 137 138 136 127 116 125 114 98 89 86 110 112 113 123 102 97 102 100 89 82 87 94 103 105 91 86 104 120 125 110 91 87 85 91
99 94 98 100 105 99 96 94 98 96 98 105 107 110 107 92 97 100 96 83 85 82 75 77 77 80 87 86 91 92 103 89 89 87 88 82 87 81 85 88 86 94 97 95 93 98 106 97 84 90 90 92 94 101 102 97 98 91 79 73 82 94 123 112 106 113 101 96 104 90 89 88 99 103 87 98 94 107 119 111 114 113 98 96 95 88 77 84 86 85 108 90 74 76 80 76
118 114 107 96 91 84 91 93 96 95 99 123 123 96 95 106 100 87 87 93 91 88 88 88 92 88 87 84 96 89 89 82 76 75 77 82 81 90 90 74 82 100 103 91 84 92 110 115 109 96 90 84 104 109 103 104 97 83 82 98 89 88 84 77 83 105 102 79 78 81 89 95 87 75 84 80 81 76 87 94 103 112 105 99 67 70 88 88 91 103 110 102 93 80 82 101
115 102 98 107 112 106 118 116 106 104 114 116 114 102 104 106 92 83 85 89 91 95 101 103 96 92 92 98 100 92 96 98 109 107 95 100 98 116 93 83 83 85 92 87 79 90 93 92 110 122 107 90 93 102 109 106 108 111 108 109 101 96 102 106 109 104 93 75 73 68 68 79 88 87 95 100 95 91 91 96 98 95 80 67 62 65 89 100 86 97 104 103 97 90 94 99
82 80 92 112 120 108 121 116 110 111 116 106 91 97 96 95 94 98 104 96 88 98 109 110 112 99 95 109 105 100 110 122 117 97 83 78 78 87 87 96 105 98 97 93 94 87 82 85 83 78 72 69 72 73 73 74 75 74 73 80 94 99 114 115 121 126 120 119 102 91 94 100 102 95 82 90 86 71 66 81 82 94 94 84 78 79 83 87 99 100 108 105 91 89 98 105
93 87 88 91 90 87 90 94 102 101 102 104 96 101 109 116 118 109 113 111 107 113 119 119 108 100 103 105 100 101 96 91 84 80 91 102 106 108 100 97 92 79 74 71 68 69 74 84 87 86 82 75 73 77 79 76 79 86 83 89 102 99 101 87 91 96 102 105 103 120 118 122 117 92 113 113 114 120 112 101 106 116 116 118 99 94 79 61 76 94 93 96 109 121 114 104
102 106 104 103 108 118 126 119 119 127 126 114 123 132 129 124 124 105 100 113 119 115 112 115 121 94 86 90 108 100 101 96 96 94 94 86 82 85 78 68 83 93 85 85 86 84 92 81 87 94 92 89 89 87 85 73 82 87 82 88 82 82 88 94 98 107 99 96 81 83 105 117 111 91 86 93 92 120 129 134 117 101 87 90 87 90 81 63 70 75 64 66 84 89 83 74
105 90 102 103 95 92 95 96 105 110 109 110 117 119 121 112 112 124 128 115 107 99 95 101 111 98 116 111 88 83 86 91 85 91 100 75 73 72 68 66 70 70 67 71 68 71 67 64 82 91 90 86 82 79 82 83 82 76 94 107 116 117 99 97 102 100 90 80 74 67 65 71 77 80 108 123 112 96 97 96 99 96 105 108 109 101 96 98 94 83 66 60 59 55 55 62
